0,533
108,6
108,5
108,4
108,3
108,2
108,1
108,0
107,5
107,4
107,3
107,2
107,1
107,0
0,532
106,3
106,2
106,1
106,0
105,3
105,2
105,1
105,0
0,531
104,3
104,2
104,1
104,0
0,530
103,3
103,2
103,1
103,0
0,529
102,3
102,2
0,528
102,1
102,0
0,243
0,386
0,527
0,278
0,9
0,526
0,525
0,472
101,35
3,2
3,1
3,3
10,112
10,72
10,92
10,158
10,214
10,284
10,250
10,1
10,204
10,2
10,3
11,14
11,12
11,22
11,26
11,6
11,1
11,4
11,2
11,3
9,7
9,6
9,1
9,4
9,2
9,3
8,13
8,15
8,16
8,7
8,4
8,9
8,1
8,12
8,2
8,3
12,2
12,1
12,3
20,2
20,1
20,3
100,3
100,2
100,1
100,0
99,3
19,2
99,2
99,1
19,1
99,0
98,3
98,2
98,1
19,3
98,0
97,6
97,5
97,4
97,3
97,2
97,1
97,0
96,5
96,4
96,3
96,2
96,1
96,0
95,3
